# x l forward_absolute forward_relative backward_absolute backward_relative
0.10 0 0.00000000000000000e+00 0.00000000000000000e+00 0.00000000000000000e+00 0.00000000000000000e+00
0.10 1 0.00000000000000000e+00 0.00000000000000000e+00 3.23333333333333295e+00 3.23333333333333286e+01
0.10 2 0.00000000000000000e+00 0.00000000000000000e+00 3.44805194805194448e-02 7.10938545990091597e-02
0.10 3 2.77555756156289135e-17 1.88173394004263787e-16 9.64640871177015580e-01 6.53993810967468114e+00
0.10 4 0.00000000000000000e+00 0.00000000000000000e+00 8.50109795883302044e-02 2.51558289885941033e-01
0.10 5 0.00000000000000000e+00 0.00000000000000000e+00 4.29400747153866003e-01 2.40118407780553156e+00
0.10 6 0.00000000000000000e+00 0.00000000000000000e+00 1.54233998896360719e-01 6.19838544529839996e-01
0.10 7 0.00000000000000000e+00 0.00000000000000000e+00 2.08707235854069889e-01 1.04618856151432116e+00
0.10 8 2.77555756156289135e-17 1.53923383775025357e-16 2.51672630434548850e-01 1.39569445132436742e+00
0.10 9 0.00000000000000000e+00 0.00000000000000000e+00 9.68080779341445874e-02 4.57964699796781005e-01
0.10 10 2.77555756156289135e-17 2.27271862513534785e-16 4.06787795806640040e-01 3.33091344532202749e+00
0.10 11 0.00000000000000000e+00 0.00000000000000000e+00 3.67543677159353210e-02 1.70565501279043852e-01
0.10 12 2.77555756156289135e-17 3.92879395762977242e-16 7.38011823204631323e-01 1.04465366952541512e+01
0.10 13 0.00000000000000000e+00 0.00000000000000000e+00 7.20309400055954563e-03 3.38976411491585111e-02
0.10 14 2.77555756156289135e-17 1.12739965703267919e-15 2.54680207956382976e+00 1.03448180314934376e+02
0.10 15 2.77555756156289135e-17 1.36667212104311555e-16 1.36130546026344557e-03 6.70300715982345089e-03
0.10 16 2.42861286636752993e-17 1.49287427438204360e-15 1.62954333508173854e+00 1.00168427731869585e+02
0.10 17 0.00000000000000000e+00 0.00000000000000000e+00 6.49571037367710491e-03 3.45545077913593651e-02
0.10 18 2.77555756156289135e-17 5.34616588896305122e-16 5.36217112899416648e-01 1.03283955546823343e+01
0.10 19 0.00000000000000000e+00 0.00000000000000000e+00 2.89255204899572793e-02 1.72195779283989048e-01
0.10 20 2.77555756156289135e-17 3.38164544693791291e-16 2.71168870683239749e-01 3.30382979476354555e+00
0.10 21 0.00000000000000000e+00 0.00000000000000000e+00 6.64438746946551528e-02 4.61554339370721878e-01
0.10 22 0.00000000000000000e+00 0.00000000000000000e+00 1.47461433139963183e-01 1.38483078680872596e+00
0.10 23 0.00000000000000000e+00 0.00000000000000000e+00 1.23279165923125350e-01 1.05489351705183720e+00
0.10 24 1.38777878078144568e-17 1.11082344456021384e-16 7.67104604986323657e-02 6.14015570384417009e-01
0.10 25 0.00000000000000000e+00 0.00000000000000000e+00 2.12958762949043590e-01 2.42818757262658780e+00
0.10 26 0.00000000000000000e+00 0.00000000000000000e+00 3.40306782817214326e-02 2.47801176018223601e-01
0.10 27 6.93889390390722838e-18 1.20682648125823854e-16 3.83968240466140143e-01 6.67805340409863124e+00
0.10 28 0.00000000000000000e+00 0.00000000000000000e+00 9.82179452018594468e-03 6.83398024769172330e-02
0.10 29 1.04083408558608426e-17 3.81733802256526560e-16 9.52120042879059603e-01 3.49197253631650142e+01
0.10 30 0.00000000000000000e+00 0.00000000000000000e+00 3.04815427435600750e-04 2.11249580381910529e-03
0.10 31 1.38777878078144568e-17 6.91659769714532936e-15 2.80432636275247615e+00 1.39765771975096641e+03
0.10 32 0.00000000000000000e+00 0.00000000000000000e+00 1.52238565855705721e-03 1.09219683681948555e-02
0.10 33 1.73472347597680709e-17 5.90026833982345395e-16 5.23597265496094644e-01 1.78089730796151784e+01
0.10 34 0.00000000000000000e+00 0.00000000000000000e+00 1.44983705572623300e-02 1.11961569049683837e-01
0.10 35 2.08166817117216851e-17 3.84855638294226197e-16 2.51691460984537596e-01 4.65323336407967503e+00
0.10 36 1.38777878078144568e-17 1.20436127346331471e-16 3.90896365064068579e-02 3.39233061162421135e-01
0.10 37 1.38777878078144568e-17 1.84147952788591666e-16 1.38555963397641674e-01 1.83853488464203219e+00
0.10 38 1.38777878078144568e-17 1.42595182705985974e-16 7.78703938892799374e-02 8.00123420086912951e-01
0.10 39 1.38777878078144568e-17 1.49795569740347121e-16 7.53112938586917163e-02 8.12903203858833634e-01
0.10 40 1.38777878078144568e-17 1.81189796539851536e-16 1.38522975011186711e-01 1.80856992526134963e+00
0.10 41 2.77555756156289135e-17 2.63043848588093722e-16 3.64508017567553161e-02 3.45449840817553089e-01
0.10 42 1.38777878078144568e-17 2.57392829880273013e-16 2.45798055648866309e-01 4.55884309507208663e+00
0.10 43 1.38777878078144568e-17 1.22033643681104949e-16 1.30759354171175179e-02 1.14982594170457988e-01
0.10 44 2.08166817117216851e-17 6.89165445494022117e-16 5.19592665014427690e-01 1.72018439547192408e+01
0.10 45 1.38777878078144568e-17 1.18443630648267990e-16 1.40434333370731412e-03 1.19857375991384192e-02
0.10 46 2.08166817117216851e-17 3.26785705694106202e-15 6.47880791627966257e+00 1.01706018581522778e+03
0.10 47 1.38777878078144568e-17 1.19702754899800490e-16 3.04245508128284103e-04 2.62426735393216093e-03
0.10 48 2.42861286636752993e-17 1.45355170949305689e-15 6.12153072318684432e-01 3.66380396424036263e+01
0.10 49 1.38777878078144568e-17 1.25862095542446353e-16 7.28732538283380360e-03 6.60910842768943768e-02
0.10 50 2.77555756156289135e-17 7.26475205793320138e-16 2.61100547550884077e-01 6.83405297161152170e+00
0.50 0 0.00000000000000000e+00 0.00000000000000000e+00 0.00000000000000000e+00 0.00000000000000000e+00
0.50 1 0.00000000000000000e+00 0.00000000000000000e+00 1.66666666666666630e-01 3.33333333333333259e-01
0.50 2 0.00000000000000000e+00 0.00000000000000000e+00 7.87500000000000000e+00 6.30000000000000000e+01
0.50 3 0.00000000000000000e+00 0.00000000000000000e+00 2.01086956521738802e-02 4.59627329192545814e-02
0.50 4 0.00000000000000000e+00 0.00000000000000000e+00 1.06406089083419142e-01 3.68107551423720258e-01
0.50 5 0.00000000000000000e+00 0.00000000000000000e+00 4.59880093864468709e+00 5.11866539257843414e+01
0.50 6 0.00000000000000000e+00 0.00000000000000000e+00 1.70037761117590724e-02 5.26038270043543491e-02
0.50 7 0.00000000000000000e+00 0.00000000000000000e+00 8.45623058688543261e-02 3.78957554528257468e-01
0.50 8 0.00000000000000000e+00 0.00000000000000000e+00 3.51113405065532413e+00 4.76804146588784334e+01
0.50 9 0.00000000000000000e+00 0.00000000000000000e+00 1.47681400509660499e-02 5.51258658301595414e-02
0.50 10 0.00000000000000000e+00 0.00000000000000000e+00 7.23165446774306497e-02 3.84195291893893343e-01
0.50 11 0.00000000000000000e+00 0.00000000000000000e+00 2.93894902374574629e+00 4.60135487132800733e+01
0.50 12 0.00000000000000000e+00 0.00000000000000000e+00 1.31933317531177374e-02 5.64413448222554556e-02
0.50 13 0.00000000000000000e+00 0.00000000000000000e+00 6.42113525758274406e-02 3.87272015159182470e-01
0.50 14 0.00000000000000000e+00 0.00000000000000000e+00 2.57520498121252217e+00 4.50418235067114026e+01
0.50 15 0.00000000000000000e+00 0.00000000000000000e+00 1.20228557636830324e-02 5.72466507685250175e-02
0.50 16 0.00000000000000000e+00 0.00000000000000000e+00 5.83377676163476799e-02 3.89294417116132219e-01
0.50 17 0.00000000000000000e+00 0.00000000000000000e+00 2.31874219051055075e+00 4.44060230739421584e+01
0.50 18 0.00000000000000000e+00 0.00000000000000000e+00 1.11127486550562371e-02 5.77897398669257600e-02
0.50 19 0.00000000000000000e+00 0.00000000000000000e+00 5.38290291713248714e-02 3.90724535131706407e-01
0.50 20 0.00000000000000000e+00 0.00000000000000000e+00 2.12572914029638760e+00 4.39578226850645137e+01
0.50 21 0.00000000000000000e+00 0.00000000000000000e+00 1.03802141346700239e-02 5.81805374063918967e-02
0.50 22 0.00000000000000000e+00 0.00000000000000000e+00 5.02268608851562381e-02 3.91789083794068016e-01
0.50 23 0.00000000000000000e+00 0.00000000000000000e+00 1.97380786206314873e+00 4.36249436672142608e+01
0.50 24 0.00000000000000000e+00 0.00000000000000000e+00 9.77467159467243496e-03 5.84751375100999934e-02
0.50 25 0.00000000000000000e+00 0.00000000000000000e+00 4.72631006082450122e-02 3.92612245486531286e-01
0.50 26 0.00000000000000000e+00 0.00000000000000000e+00 1.85025785317523517e+00 4.33679854034212369e+01
0.50 27 0.00000000000000000e+00 0.00000000000000000e+00 9.26347080297296177e-03 5.87051276170756364e-02
0.50 28 1.38777878078144568e-17 1.21907787398149722e-16 4.47689681750595425e-02 3.93267711677110110e-01
0.50 29 1.38777878078144568e-17 3.42833377638477802e-16 1.74725104508330098e+00 4.31636501194353102e+01
0.50 30 0.00000000000000000e+00 0.00000000000000000e+00 8.82454313256203493e-03 5.88896424600690305e-02
0.50 31 4.16333634234433703e-17 3.84575369741416892e-16 4.26322161037688829e-02 3.93801963685952383e-01
0.50 32 1.38777878078144568e-17 3.59532252941655202e-16 1.65967633007074222e+00 4.29972830228944503e+01
0.50 33 2.77555756156289135e-17 1.94105544683316055e-16 8.44239370539168199e-03 5.90409455494522450e-02
0.50 34 4.16333634234433703e-17 4.02546125898648907e-16 4.07748979723804583e-02 3.94245765007109117e-01
0.50 35 2.77555756156289135e-17 7.50980465278019277e-16 1.58403845878933303e+00 4.28592062104468496e+01
0.50 36 2.77555756156289135e-17 2.02598468804928911e-16 8.10579318389265113e-03 5.91672574277782512e-02
0.50 37 2.77555756156289135e-17 2.79832453575713909e-16 3.91409681564356404e-02 3.94620284811415922e-01
0.50 38 2.08166817117216851e-17 5.86196800301824813e-16 1.51785659832130593e+00 4.27427720505494619e+01
0.50 39 2.77555756156289135e-17 2.10749585915552015e-16 7.80638377591889865e-03 5.92742939673136654e-02
0.50 40 5.55111512312578270e-17 5.81698415126797908e-16 3.76889552116437682e-02 3.94940566501043200e-01
0.50 41 2.77555756156289135e-17 8.11057310600683462e-16 1.45931528309780623e+00 4.26432636533509282e+01
0.50 42 2.77555756156289135e-17 2.18597101225721668e-16 7.53780228598499580e-03 5.93661523056689885e-02
0.50 43 4.16333634234433703e-17 4.52195720631818631e-16 3.63874246180848071e-02 3.95217593393994315e-01
0.50 44 6.93889390390722838e-18 2.09871613079405370e-16 1.40705157673693937e+00 4.25572415697869886e+01
0.50 45 1.38777878078144568e-17 1.13086297340638713e-16 7.29510871503653846e-03 5.94458457432509441e-02
0.50 46 2.77555756156289135e-17 3.11717322321215181e-16 3.52120567409168056e-02 3.95459571536346699e-01
0.50 47 1.38777878078144568e-17 4.33492284752555734e-16 1.36001984279763444e+00 4.24821388774357374e+01
0.50 48 2.77555756156289135e-17 2.33502525410012760e-16 7.07440245854093486e-03 5.95156397659411737e-02
0.50 49 4.16333634234433703e-17 4.82466365375583769e-16 3.41437016012115513e-02 3.95672755152160827e-01
0.50 50 1.04083408558608426e-17 3.35114060313347232e-16 1.31740278645210429e+00 4.24160010658652382e+01
0.90 0 0.00000000000000000e+00 0.00000000000000000e+00 0.00000000000000000e+00 0.00000000000000000e+00
0.90 1 0.00000000000000000e+00 0.00000000000000000e+00 5.29629629629629672e-01 5.88477366255144019e-01
0.90 2 0.00000000000000000e+00 0.00000000000000000e+00 4.69601226993865084e-01 6.56784932858552439e-01
0.90 3 0.00000000000000000e+00 0.00000000000000000e+00 2.50647531891292408e-01 5.30470966965698065e-01
0.90 4 1.38777878078144568e-16 6.67401878343946979e-16 6.27458061710153558e-02 3.01753200702207680e-01
0.90 5 2.28983498828938536e-16 5.56578856570812289e-15 6.36221277105895711e-01 1.54643156711548109e+01
0.90 6 2.49800180540660222e-16 1.03580906292119959e-15 6.23622160639703882e-01 2.58588078051434023e+00
0.90 7 2.22044604925031308e-16 6.03669159785124997e-16 1.29197586861159758e-01 3.51247438473339946e-01
0.90 8 1.66533453693773481e-16 4.06490563294233710e-16 2.60276924399979515e-01 6.35308469650708418e-01
0.90 9 5.55111512312578270e-17 1.50228892921806815e-16 2.44546567098693546e-01 6.61812252641200249e-01
0.90 10 5.55111512312578270e-17 2.10952216052727780e-16 1.33066966097233452e-01 5.05678062137147610e-01
0.90 11 1.11022302462515654e-16 9.55331395598550608e-16 6.03330783464116338e-02 5.19157706685955400e-01
0.90 12 9.71445146547011973e-17 2.38398968873601997e-15 4.88396572107647864e-01 1.19855701174405329e+01
0.90 13 5.55111512312578270e-17 3.12210283289969351e-16 3.32253153680156510e-01 1.86868492066250558e+00
0.90 14 0.00000000000000000e+00 0.00000000000000000e+00 1.05778492055471462e-01 3.90654034463783884e-01
0.90 15 1.11022302462515654e-16 3.63771941570219781e-16 1.96175962605059317e-01 6.42783559909898106e-01
0.90 16 1.66533453693773481e-16 5.98312246530857501e-16 1.83655868719927257e-01 6.59828718885833942e-01
0.90 17 1.94289029309402395e-16 9.76182861815257587e-16 9.72399150972793336e-02 4.88570759449159842e-01
0.90 18 1.80411241501587938e-16 2.11190325829140110e-15 5.75961171793125948e-02 6.74223105630881614e-01
0.90 19 1.59594559789866253e-16 4.10966312883177040e-15 4.31502251982982199e-01 1.11114620530751846e+01
0.90 20 1.11022302462515654e-16 7.43577889271272907e-16 2.26447383692709309e-01 1.51664362801408514e+00
0.90 21 8.32667268468867405e-17 3.69464872240509089e-16 9.34174681774445625e-02 4.14504979986514754e-01
0.90 22 5.55111512312578270e-17 2.18610787834809304e-16 1.64346350339143354e-01 6.47219240252128625e-01
0.90 23 2.77555756156289135e-17 1.19863600758858634e-16 1.52242337862040306e-01 6.57464830014745094e-01
0.90 24 0.00000000000000000e+00 0.00000000000000000e+00 7.79562694172248605e-02 4.73100667944403419e-01
0.90 25 6.93889390390722838e-17 1.01490411380286101e-15 5.64110763908062668e-02 8.25085875154233706e-01
0.90 26 1.04083408558608426e-16 2.75787045597633321e-15 4.04844930565858518e-01 1.07270686915549511e+01
0.90 27 1.11022302462515654e-16 8.37824447665850079e-16 1.67947047977486247e-01 1.26740429254162934e+00
0.90 28 8.32667268468867405e-17 4.20813752626627699e-16 8.57971623606909456e-02 4.33602078824458226e-01
0.90 29 2.77555756156289135e-17 1.24978219921690430e-16 1.44507937051275986e-01 6.50692494629963591e-01
0.90 30 0.00000000000000000e+00 0.00000000000000000e+00 1.32172447966220491e-01 6.54927295363840756e-01
0.90 31 2.77555756156289135e-17 1.94797946136236352e-16 6.52265211677158369e-02 4.57781619557843356e-01
0.90 32 7.63278329429795122e-17 1.34007359660707064e-15 5.61642906689124102e-02 9.86066027235443121e-01
0.90 33 1.04083408558608426e-16 2.79829214650287544e-15 3.93721038927595524e-01 1.05852268522092068e+01
0.90 34 1.11022302462515654e-16 9.15649933770414153e-16 1.29697367583135603e-01 1.06967143901371631e+00
0.90 35 1.11022302462515654e-16 6.20239634953987680e-16 8.05993971423938083e-02 4.50278363466549481e-01
0.90 36 1.11022302462515654e-16 5.55551430176817121e-16 1.30628165593810019e-01 6.53658432651558541e-01
0.90 37 8.32667268468867405e-17 4.60819577117819314e-16 1.17851010775841883e-01 6.52217938727124968e-01
0.90 38 2.77555756156289135e-17 2.19611951321815261e-16 5.58714981629452462e-02 4.42075095280260344e-01
0.90 39 0.00000000000000000e+00 0.00000000000000000e+00 5.64964412431316829e-02 1.16448541097915026e+00
0.90 40 2.08166817117216851e-17 5.62804396735341043e-16 3.92902541032087549e-01 1.06225997324459183e+01
0.90 41 2.77555756156289135e-17 2.45410988355226095e-16 1.02341549878217586e-01 9.04889931062233255e-01
0.90 42 2.77555756156289135e-17 1.68168000821226260e-16 7.68060963282692494e-02 4.65359747867541973e-01
0.90 43 5.55111512312578270e-17 3.03072210507574809e-16 1.20204174262742172e-01 6.56274352053669796e-01
0.90 44 8.32667268468867405e-17 5.05724148074071933e-16 1.06910138066471302e-01 6.49323451774051819e-01
0.90 45 6.93889390390722838e-17 6.08764981164923073e-16 4.85240587871397649e-02 4.25712630034092265e-01
0.90 46 3.46944695195361419e-17 8.28616877235272985e-16 5.72120839725796734e-02 1.36641081469156878e+00
0.90 47 0.00000000000000000e+00 0.00000000000000000e+00 4.00479809096518202e-01 1.08257913353785504e+01
0.90 48 4.16333634234433703e-17 3.89489849445046433e-16 8.16548074181717293e-02 7.63899815739114252e-01
0.90 49 8.32667268468867405e-17 5.39977091229815792e-16 7.38994250392382840e-02 4.79230997630305855e-01
0.90 50 8.32667268468867405e-17 4.89695793710579356e-16 1.11988563244687811e-01 6.58610353034013052e-01
0.99 0 0.00000000000000000e+00 0.00000000000000000e+00 0.00000000000000000e+00 0.00000000000000000e+00
0.99 1 0.00000000000000000e+00 0.00000000000000000e+00 6.53299663299663269e-01 6.59898649797639680e-01
0.99 2 1.11022302462515654e-16 1.14438285278065931e-16 7.83260311638555251e-01 8.07360007873581753e-01
0.99 3 2.22044604925031308e-16 2.36029970767959855e-16 8.14249006755177640e-01 8.65534063874926818e-01
0.99 4 4.44089209850062616e-16 4.92211473556772462e-16 8.06763249708003394e-01 8.94185490533081273e-01
0.99 5 4.44089209850062616e-16 5.19293021103602554e-16 7.77853295771905984e-01 9.09578028417233897e-01
0.99 6 3.33066907387546962e-16 4.16181748652232495e-16 7.34371597132748022e-01 9.17629607373798062e-01
0.99 7 3.33066907387546962e-16 4.51076586475169842e-16 6.79883014396940655e-01 9.20773882167097435e-01
0.99 8 2.22044604925031308e-16 3.31228704503714536e-16 6.16675511658897335e-01 9.19908100874174295e-01
0.99 9 2.22044604925031308e-16 3.71781111480270959e-16 5.46472400092871013e-01 9.14987852861430029e-01
0.99 10 3.33066907387546962e-16 6.40403623575575115e-16 4.70711882496548828e-01 9.05060180176101570e-01
0.99 11 3.88578058618804789e-16 8.83096199108954280e-16 3.90652677666170567e-01 8.87811051516833150e-01
0.99 12 3.88578058618804789e-16 1.08485141209184535e-15 3.07390839704716201e-01 8.58188925291062166e-01
0.99 13 4.44089209850062616e-16 1.61042029049050562e-15 2.21806097203168184e-01 8.04345234172865520e-01
0.99 14 4.71844785465691530e-16 2.43340063762757453e-15 1.34405378215773696e-01 6.93156188486945046e-01
0.99 15 4.30211422042248159e-16 3.78189968896489245e-15 4.49293122417083191e-02 3.94964297288314947e-01
0.99 16 4.02455846426619246e-16 1.10526703332331256e-14 4.87704990082005879e-02 1.33938729505622800e+00
0.99 17 3.60822483003175876e-16 9.72894050127901153e-15 1.54869758929251172e-01 4.17578931758763705e+00
0.99 18 3.19189119579732505e-16 3.01739117639235734e-15 3.12067789509331950e-01 2.95007109183904737e+00
0.99 19 2.77555756156289135e-16 1.64425650932774482e-15 1.29359879522519261e+00 7.66335481188814693e+00
0.99 20 2.77555756156289135e-16 1.23149805879885115e-15 7.77890610344799671e-02 3.45145346601296810e-01
0.99 21 2.22044604925031308e-16 8.07835822915847820e-16 1.43629926876325503e-01 5.22549963385304239e-01
0.99 22 2.22044604925031308e-16 7.01064539179736581e-16 2.33217225235521020e-01 7.36340009673821294e-01
0.99 23 1.66533453693773481e-16 4.75036989840800448e-16 2.89066832444414001e-01 8.24563683160698280e-01
0.99 24 1.11022302462515654e-16 2.95163381258638846e-16 3.27043926323435596e-01 8.69477474098667824e-01
0.99 25 5.55111512312578270e-17 1.41137549969262882e-16 3.51990113402215310e-01 8.94937703814325913e-01
0.99 26 1.11022302462515654e-16 2.76098742898533880e-16 3.65949533492799739e-01 9.10071255239733090e-01
0.99 27 1.66533453693773481e-16 4.13552348049934517e-16 3.70050756298340389e-01 9.18946648679001110e-01
0.99 28 2.22044604925031308e-16 5.61656563904005633e-16 3.65098128934992383e-01 9.23507061361133030e-01
0.99 29 2.77555756156289135e-16 7.29506819147106837e-16 3.51793840362428167e-01 9.24628654913683845e-01
0.99 30 2.77555756156289135e-16 7.73965639345173887e-16 3.30828285630247743e-01 9.22516359045002843e-01
0.99 31 3.33066907387546962e-16 1.00804685488001589e-15 3.02914548656353311e-01 9.16788943295221204e-01
0.99 32 3.33066907387546962e-16 1.12303388706007901e-15 2.68794430860077815e-01 9.06320165148239099e-01
0.99 33 3.33066907387546962e-16 1.29130287170713580e-15 2.29225580793580436e-01 8.88709277872118064e-01
0.99 34 2.22044604925031308e-16 1.03114492602929578e-15 1.84949874984361440e-01 8.58882048605802084e-01
0.99 35 1.38777878078144568e-16 8.17703354773154608e-16 1.36633270048192951e-01 8.05066951874866876e-01
0.99 36 8.32667268468867405e-17 6.82427696848869523e-16 8.47466769702514416e-02 6.94556898900922315e-01
0.99 37 2.77555756156289135e-17 3.79194487861669735e-16 2.92965193254100947e-02 4.00246739450540123e-01
0.99 38 1.04083408558608426e-17 4.29796648768401378e-16 3.09127995929925035e-02 1.27649717213440717e+00
0.99 39 3.81639164714897561e-17 1.59118385897130531e-15 1.00925019181209330e-01 4.20790831589515069e+00
0.99 40 6.93889390390722838e-17 9.84137348262236788e-16 2.04704409969411499e-01 2.90330502230973231e+00
0.99 41 1.11022302462515654e-16 9.69606021795701353e-16 7.34711883783334962e-01 6.41655821398322690e+00
0.99 42 1.66533453693773481e-16 1.07311254471992118e-15 7.19304014822872984e-02 4.63506967911210432e-01
0.99 43 2.77555756156289135e-16 1.44667038168926401e-15 9.63479406637370722e-02 5.02182747081985847e-01
0.99 44 3.88578058618804789e-16 1.73548010483566226e-15 1.63152351401860629e-01 7.28676397533947862e-01
0.99 45 4.44089209850062616e-16 1.77064842810666951e-15 2.05855523362817039e-01 8.20775985488394921e-01
0.99 46 4.44089209850062616e-16 1.63170216337737314e-15 2.36062828737670038e-01 8.67357773620052286e-01
0.99 47 4.44089209850062616e-16 1.54368857922673853e-15 2.57099799732409540e-01 8.93698868978152317e-01
0.99 48 3.88578058618804789e-16 1.30754666097806439e-15 2.70249395822190763e-01 9.09376346144378456e-01
0.99 49 2.77555756156289135e-16 9.23324970262667485e-16 2.76147663536010224e-01 9.18640768807973074e-01
0.99 50 2.77555756156289135e-16 9.31370840575158321e-16 2.75217986981006635e-01 9.23526182363034964e-01
